message,timestamp,severity,tags,attributes
"scheduling build on Metal builder ""builder-qdawxc""",2026-07-08T11:02:54.608572730Z,info,"{""serviceId"":""de6023d4-d688-4ec0-aa7f-24b2f15dafb7"",""deploymentId"":null,""deploymentInstanceId"":null}","{""level"":""info""}"
unpacking archive,2026-07-08T11:02:54.646714574Z,info,"{""serviceId"":""de6023d4-d688-4ec0-aa7f-24b2f15dafb7"",""deploymentId"":""9d608935-628a-4468-870b-624950152e29"",""deploymentInstanceId"":null}","{""source"":""railway.progress"",""status"":""complete"",""size"":1034240,""duration_ms"":9,""level"":""info""}"
uploading snapshot,2026-07-08T11:02:54.743007201Z,info,"{""serviceId"":""de6023d4-d688-4ec0-aa7f-24b2f15dafb7"",""deploymentId"":""9d608935-628a-4468-870b-624950152e29"",""deploymentInstanceId"":null}","{""source"":""railway.progress"",""status"":""complete"",""size"":221209,""duration_ms"":14,""level"":""info""}"
using build driver nixpacks-v1.41.0,2026-07-08T11:02:54.743499960Z,info,"{""serviceId"":""de6023d4-d688-4ec0-aa7f-24b2f15dafb7"",""deploymentId"":""9d608935-628a-4468-870b-624950152e29"",""deploymentInstanceId"":null}","{""level"":""info""}"
,2026-07-08T11:02:54.882463090Z,info,"{""serviceId"":""de6023d4-d688-4ec0-aa7f-24b2f15dafb7"",""deploymentId"":""9d608935-628a-4468-870b-624950152e29"",""deploymentInstanceId"":null}","{""level"":""info""}"
╔════════════════════════════ Nixpacks v1.41.0 ════════════════════════════╗,2026-07-08T11:02:54.882478543Z,info,"{""serviceId"":""de6023d4-d688-4ec0-aa7f-24b2f15dafb7"",""deploymentId"":""9d608935-628a-4468-870b-624950152e29"",""deploymentInstanceId"":null}","{""level"":""info""}"
"║ setup      │ nodejs_18, pnpm-9_x, openssl                                ║",2026-07-08T11:02:54.882480816Z,info,"{""serviceId"":""de6023d4-d688-4ec0-aa7f-24b2f15dafb7"",""deploymentId"":""9d608935-628a-4468-870b-624950152e29"",""deploymentInstanceId"":null}","{""level"":""info""}"
║──────────────────────────────────────────────────────────────────────────║,2026-07-08T11:02:54.882483470Z,info,"{""serviceId"":""de6023d4-d688-4ec0-aa7f-24b2f15dafb7"",""deploymentId"":""9d608935-628a-4468-870b-624950152e29"",""deploymentInstanceId"":null}","{""level"":""info""}"
║ install    │ pip install --break-system-packages -r bot/requirements.txt ║,2026-07-08T11:02:54.882484382Z,info,"{""serviceId"":""de6023d4-d688-4ec0-aa7f-24b2f15dafb7"",""deploymentId"":""9d608935-628a-4468-870b-624950152e29"",""deploymentInstanceId"":null}","{""level"":""info""}"
║──────────────────────────────────────────────────────────────────────────║,2026-07-08T11:02:54.882485633Z,info,"{""serviceId"":""de6023d4-d688-4ec0-aa7f-24b2f15dafb7"",""deploymentId"":""9d608935-628a-4468-870b-624950152e29"",""deploymentInstanceId"":null}","{""level"":""info""}"
║ build      │ pnpm run build                                              ║,2026-07-08T11:02:54.882486385Z,info,"{""serviceId"":""de6023d4-d688-4ec0-aa7f-24b2f15dafb7"",""deploymentId"":""9d608935-628a-4468-870b-624950152e29"",""deploymentInstanceId"":null}","{""level"":""info""}"
║──────────────────────────────────────────────────────────────────────────║,2026-07-08T11:02:54.882487526Z,info,"{""serviceId"":""de6023d4-d688-4ec0-aa7f-24b2f15dafb7"",""deploymentId"":""9d608935-628a-4468-870b-624950152e29"",""deploymentInstanceId"":null}","{""level"":""info""}"
║ start      │ bash bot/run.sh                                             ║,2026-07-08T11:02:54.882488207Z,info,"{""serviceId"":""de6023d4-d688-4ec0-aa7f-24b2f15dafb7"",""deploymentId"":""9d608935-628a-4468-870b-624950152e29"",""deploymentInstanceId"":null}","{""level"":""info""}"
╚══════════════════════════════════════════════════════════════════════════╝,2026-07-08T11:02:54.882489439Z,info,"{""serviceId"":""de6023d4-d688-4ec0-aa7f-24b2f15dafb7"",""deploymentId"":""9d608935-628a-4468-870b-624950152e29"",""deploymentInstanceId"":null}","{""level"":""info""}"
,2026-07-08T11:02:54.882490000Z,info,"{""serviceId"":""de6023d4-d688-4ec0-aa7f-24b2f15dafb7"",""deploymentId"":""9d608935-628a-4468-870b-624950152e29"",""deploymentInstanceId"":null}","{""level"":""info""}"
,2026-07-08T11:02:54.883559264Z,info,"{""serviceId"":""de6023d4-d688-4ec0-aa7f-24b2f15dafb7"",""deploymentId"":""9d608935-628a-4468-870b-624950152e29"",""deploymentInstanceId"":null}","{""level"":""info""}"
Saved output to:,2026-07-08T11:02:54.883570521Z,info,"{""serviceId"":""de6023d4-d688-4ec0-aa7f-24b2f15dafb7"",""deploymentId"":""9d608935-628a-4468-870b-624950152e29"",""deploymentInstanceId"":null}","{""level"":""info""}"
  snapshot-target-unpack,2026-07-08T11:02:54.883572744Z,info,"{""serviceId"":""de6023d4-d688-4ec0-aa7f-24b2f15dafb7"",""deploymentId"":""9d608935-628a-4468-870b-624950152e29"",""deploymentInstanceId"":null}","{""level"":""info""}"
[internal] load build definition from Dockerfile,2026-07-08T11:02:54.972253250Z,info,"{""serviceId"":""de6023d4-d688-4ec0-aa7f-24b2f15dafb7"",""deploymentId"":""9d608935-628a-4468-870b-624950152e29"",""deploymentInstanceId"":null}","{""source"":""buildkit"",""type"":""vertex"",""digest"":""sha256:ed3e7e1194aa12f909ac9a14add5aa408b79cdc5492fedad68610d9f8c80cc37"",""level"":""info""}"
[internal] load build definition from Dockerfile,2026-07-08T11:02:54.972353741Z,info,"{""serviceId"":""de6023d4-d688-4ec0-aa7f-24b2f15dafb7"",""deploymentId"":""9d608935-628a-4468-870b-624950152e29"",""deploymentInstanceId"":null}","{""source"":""buildkit"",""type"":""vertex"",""completed"":""2026-07-08T11:02:54.972095854Z"",""level"":""info"",""digest"":""sha256:ed3e7e1194aa12f909ac9a14add5aa408b79cdc5492fedad68610d9f8c80cc37"",""started"":""2026-07-08T11:02:54.972058928Z""}"
[internal] load build definition from Dockerfile,2026-07-08T11:02:54.972370887Z,info,"{""serviceId"":""de6023d4-d688-4ec0-aa7f-24b2f15dafb7"",""deploymentId"":""9d608935-628a-4468-870b-624950152e29"",""deploymentInstanceId"":null}","{""source"":""buildkit"",""type"":""vertex"",""started"":""2026-07-08T11:02:54.972205348Z"",""level"":""info"",""digest"":""sha256:ed3e7e1194aa12f909ac9a14add5aa408b79cdc5492fedad68610d9f8c80cc37""}"
[internal] load build definition from Dockerfile,2026-07-08T11:02:55.025115825Z,info,"{""serviceId"":""de6023d4-d688-4ec0-aa7f-24b2f15dafb7"",""deploymentId"":""9d608935-628a-4468-870b-624950152e29"",""deploymentInstanceId"":null}","{""source"":""buildkit"",""type"":""vertex"",""completed"":""2026-07-08T11:02:55.024522424Z"",""level"":""info"",""digest"":""sha256:ed3e7e1194aa12f909ac9a14add5aa408b79cdc5492fedad68610d9f8c80cc37"",""started"":""2026-07-08T11:02:54.972205348Z""}"
[internal] load metadata for ghcr.io/railwayapp/nixpacks:ubuntu-1745885067,2026-07-08T11:02:55.040477123Z,info,"{""serviceId"":""de6023d4-d688-4ec0-aa7f-24b2f15dafb7"",""deploymentId"":""9d608935-628a-4468-870b-624950152e29"",""deploymentInstanceId"":null}","{""source"":""buildkit"",""type"":""vertex"",""started"":""2026-07-08T11:02:55.040101078Z"",""level"":""info"",""digest"":""sha256:2b1ddac473557e0070f0e364e586c6092ed09e60d811f10361379ca6929bd127""}"
[internal] load metadata for ghcr.io/railwayapp/nixpacks:ubuntu-1745885067,2026-07-08T11:02:55.434218069Z,info,"{""serviceId"":""de6023d4-d688-4ec0-aa7f-24b2f15dafb7"",""deploymentId"":""9d608935-628a-4468-870b-624950152e29"",""deploymentInstanceId"":null}","{""source"":""buildkit"",""type"":""vertex"",""completed"":""2026-07-08T11:02:55.43379904Z"",""level"":""info"",""digest"":""sha256:2b1ddac473557e0070f0e364e586c6092ed09e60d811f10361379ca6929bd127"",""started"":""2026-07-08T11:02:55.040101078Z""}"
[internal] load .dockerignore,2026-07-08T11:02:55.435136427Z,info,"{""serviceId"":""de6023d4-d688-4ec0-aa7f-24b2f15dafb7"",""deploymentId"":""9d608935-628a-4468-870b-624950152e29"",""deploymentInstanceId"":null}","{""source"":""buildkit"",""type"":""vertex"",""digest"":""sha256:cf90440fd5645cdd55468d7cd3d840d81e685e3b6683283af19b0c3cc3feb457"",""level"":""info""}"
[internal] load .dockerignore,2026-07-08T11:02:55.435307103Z,info,"{""serviceId"":""de6023d4-d688-4ec0-aa7f-24b2f15dafb7"",""deploymentId"":""9d608935-628a-4468-870b-624950152e29"",""deploymentInstanceId"":null}","{""source"":""buildkit"",""type"":""vertex"",""completed"":""2026-07-08T11:02:55.43497162Z"",""level"":""info"",""digest"":""sha256:cf90440fd5645cdd55468d7cd3d840d81e685e3b6683283af19b0c3cc3feb457"",""started"":""2026-07-08T11:02:55.434920102Z""}"
[internal] load .dockerignore,2026-07-08T11:02:55.435538791Z,info,"{""serviceId"":""de6023d4-d688-4ec0-aa7f-24b2f15dafb7"",""deploymentId"":""9d608935-628a-4468-870b-624950152e29"",""deploymentInstanceId"":null}","{""source"":""buildkit"",""type"":""vertex"",""started"":""2026-07-08T11:02:55.435210778Z"",""level"":""info"",""digest"":""sha256:cf90440fd5645cdd55468d7cd3d840d81e685e3b6683283af19b0c3cc3feb457""}"
[internal] load .dockerignore,2026-07-08T11:02:55.487711440Z,info,"{""serviceId"":""de6023d4-d688-4ec0-aa7f-24b2f15dafb7"",""deploymentId"":""9d608935-628a-4468-870b-624950152e29"",""deploymentInstanceId"":null}","{""source"":""buildkit"",""type"":""vertex"",""completed"":""2026-07-08T11:02:55.487322026Z"",""level"":""info"",""digest"":""sha256:cf90440fd5645cdd55468d7cd3d840d81e685e3b6683283af19b0c3cc3feb457"",""started"":""2026-07-08T11:02:55.435210778Z""}"
"SecretsUsedInArgOrEnv: Do not use ARG or ENV instructions for sensitive data (ARG ""DEEPSEEK_API_KEY"") (line 11)(https://docs.docker.com/go/dockerfile/rule/secrets-used-in-arg-or-env/)
 details: Sensitive data should not be used in the ARG or ENV commands
",2026-07-08T11:02:55.501946869Z,warn,"{""serviceId"":""de6023d4-d688-4ec0-aa7f-24b2f15dafb7"",""deploymentId"":""9d608935-628a-4468-870b-624950152e29"",""deploymentInstanceId"":null}","{""source"":""buildkit"",""type"":""warn"",""sourceInfo"":{""filename"":""Dockerfile"",""data"":""RlJPTSBnaGNyLmlvL3JhaWx3YXlhcHAvbml4cGFja3M6dWJ1bnR1LTE3NDU4ODUwNjcKCkVOVFJZUE9JTlQgWyIvYmluL2Jhc2giLCAiLWwiLCAiLWMiXQpXT1JLRElSIC9hcHAvCgoKQ09QWSAubml4cGFja3Mvbml4cGtncy1mZmVlYmYwYWNmM2FlOGIyOWY4YzcwNDljZDkxMWI5NjM2ZWZkN2U3Lm5peCAubml4cGFja3Mvbml4cGtncy1mZmVlYmYwYWNmM2FlOGIyOWY4YzcwNDljZDkxMWI5NjM2ZWZkN2U3Lm5peApSVU4gbml4LWVudiAtaWYgLm5peHBhY2tzL25peHBrZ3MtZmZlZWJmMGFjZjNhZThiMjlmOGM3MDQ5Y2Q5MTFiOTYzNmVmZDdlNy5uaXggJiYgbml4LWNvbGxlY3QtZ2FyYmFnZSAtZAoKCkFSRyBDSSBERUVQU0VFS19BUElfS0VZIEdFTUlOSV9BUElfS0VZIE5JWFBBQ0tTX01FVEFEQVRBIE5PREVfRU5WIE5QTV9DT05GSUdfUFJPRFVDVElPTiBSQUlMV0FZX0VOVklST05NRU5UIFJBSUxXQVlfRU5WSVJPTk1FTlRfSUQgUkFJTFdBWV9FTlZJUk9OTUVOVF9OQU1FIFJBSUxXQVlfR0lUX0FVVEhPUiBSQUlMV0FZX0dJVF9CUkFOQ0ggUkFJTFdBWV9HSVRfQ09NTUlUX01FU1NBR0UgUkFJTFdBWV9HSVRfQ09NTUlUX1NIQSBSQUlMV0FZX0dJVF9SRVBPX05BTUUgUkFJTFdBWV9HSVRfUkVQT19PV05FUiBSQUlMV0FZX1BSSVZBVEVfRE9NQUlOIFJBSUxXQVlfUFJPSkVDVF9JRCBSQUlMV0FZX1BST0pFQ1RfTkFNRSBSQUlMV0FZX1NFUlZJQ0VfSUQgUkFJTFdBWV9TRVJWSUNFX05BTUUgVEVMRUdSQU1fQk9UX1RPS0VOCkVOViBDST0kQ0kgREVFUFNFRUtfQVBJX0tFWT0kREVFUFNFRUtfQVBJX0tFWSBHRU1JTklfQVBJX0tFWT0kR0VNSU5JX0FQSV9LRVkgTklYUEFDS1NfTUVUQURBVEE9JE5JWFBBQ0tTX01FVEFEQVRBIE5PREVfRU5WPSROT0RFX0VOViBOUE1fQ09ORklHX1BST0RVQ1RJT049JE5QTV9DT05GSUdfUFJPRFVDVElPTiBSQUlMV0FZX0VOVklST05NRU5UPSRSQUlMV0FZX0VOVklST05NRU5UIFJBSUxXQVlfRU5WSVJPTk1FTlRfSUQ9JFJBSUxXQVlfRU5WSVJPTk1FTlRfSUQgUkFJTFdBWV9FTlZJUk9OTUVOVF9OQU1FPSRSQUlMV0FZX0VOVklST05NRU5UX05BTUUgUkFJTFdBWV9HSVRfQVVUSE9SPSRSQUlMV0FZX0dJVF9BVVRIT1IgUkFJTFdBWV9HSVRfQlJBTkNIPSRSQUlMV0FZX0dJVF9CUkFOQ0ggUkFJTFdBWV9HSVRfQ09NTUlUX01FU1NBR0U9JFJBSUxXQVlfR0lUX0NPTU1JVF9NRVNTQUdFIFJBSUxXQVlfR0lUX0NPTU1JVF9TSEE9JFJBSUxXQVlfR0lUX0NPTU1JVF9TSEEgUkFJTFdBWV9HSVRfUkVQT19OQU1FPSRSQUlMV0FZX0dJVF9SRVBPX05BTUUgUkFJTFdBWV9HSVRfUkVQT19PV05FUj0kUkFJTFdBWV9HSVRfUkVQT19PV05FUiBSQUlMV0FZX1BSSVZBVEVfRE9NQUlOPSRSQUlMV0FZX1BSSVZBVEVfRE9NQUlOIFJBSUxXQVlfUFJPSkVDVF9JRD0kUkFJTFdBWV9QUk9KRUNUX0lEIFJBSUxXQVlfUFJPSkVDVF9OQU1FPSRSQUlMV0FZX1BST0pFQ1RfTkFNRSBSQUlMV0FZX1NFUlZJQ0VfSUQ9JFJBSUxXQVlfU0VSVklDRV9JRCBSQUlMV0FZX1NFUlZJQ0VfTkFNRT0kUkFJTFdBWV9TRVJWSUNFX05BTUUgVEVMRUdSQU1fQk9UX1RPS0VOPSRURUxFR1JBTV9CT1RfVE9LRU4KCiMgc2V0dXAgcGhhc2UKIyBub29wCgojIGluc3RhbGwgcGhhc2UKRU5WIE5JWFBBQ0tTX1BBVEg9L2FwcC9ub2RlX21vZHVsZXMvLmJpbjokTklYUEFDS1NfUEFUSApDT1BZIC4gL2FwcC8uClJVTiAtLW1vdW50PXR5cGU9Y2FjaGUsaWQ9cy9kZTYwMjNkNC1kNjg4LTRlYzAtYWE3Zi0yNGIyZjE1ZGFmYjctL3Jvb3QvbG9jYWwvc2hhcmUvcG5wbS9zdG9yZS92Myx0YXJnZXQ9L3Jvb3QvLmxvY2FsL3NoYXJlL3BucG0vc3RvcmUvdjMgcGlwIGluc3RhbGwgLS1icmVhay1zeXN0ZW0tcGFja2FnZXMgLXIgYm90L3JlcXVpcmVtZW50cy50eHQKCiMgYnVpbGQgcGhhc2UKQ09QWSAuIC9hcHAvLgpSVU4gLS1tb3VudD10eXBlPWNhY2hlLGlkPXMvZGU2MDIzZDQtZDY4OC00ZWMwLWFhN2YtMjRiMmYxNWRhZmI3LW5vZGVfbW9kdWxlcy9jYWNoZSx0YXJnZXQ9L2FwcC9ub2RlX21vZHVsZXMvLmNhY2hlIHBucG0gcnVuIGJ1aWxkCgoKUlVOIHByaW50ZiAnXG5QQVRIPS9hcHAvbm9kZV9tb2R1bGVzLy5iaW46JFBBVEgnID4+IC9yb290Ly5wcm9maWxlCgoKIyBzdGFydApDT1BZIC4gL2FwcAoKQ01EIFsiYmFzaCBib3QvcnVuLnNoIl0KCg=="",""definition"":{""def"":[""WgAaxQEKEmxvY2FsOi8vZG9ja2VyZmlsZRIUCgxsb2NhbC5kaWZmZXISBG5vbmUSSgoRbG9jYWwuZm9sbG93cGF0aHMSNVsiRG9ja2VyZmlsZSIsIkRvY2tlcmZpbGUuZG9ja2VyaWdub3JlIiwiZG9ja2VyZmlsZSJdEioKDWxvY2FsLnNlc3Npb24SGTJkYWFwZG8xMndxYXIyejg5ZDhjbDl5bnYSIQoTbG9jYWwuc2hhcmVka2V5aGludBIKZG9ja2VyZmlsZQ=="",""CkkKR3NoYTI1NjplZDNlN2UxMTk0YWExMmY5MDlhYzlhMTRhZGQ1YWE0MDhiNzljZGM1NDkyZmVkYWQ2ODYxMGQ5ZjhjODBjYzM3""],""metadata"":{""sha256:8ee4dd9ffc36513099570cfe5e21bc0b32604a6149848c687a689d69a90a7889"":{""caps"":{""constraints"":true,""meta.description"":true,""platform"":true}},""sha256:ed3e7e1194aa12f909ac9a14add5aa408b79cdc5492fedad68610d9f8c80cc37"":{""description"":{""llb.customname"":""[internal] load build definition from Dockerfile""},""caps"":{""source.local"":true,""source.local.followpaths"":true,""source.local.sessionid"":true,""source.local.sharedkeyhint"":true}}},""Source"":{""locations"":{""sha256:ed3e7e1194aa12f909ac9a14add5aa408b79cdc5492fedad68610d9f8c80cc37"":{}}}},""language"":""Dockerfile""},""level"":""warn"",""vertex"":""sha256:ed3e7e1194aa12f909ac9a14add5aa408b79cdc5492fedad68610d9f8c80cc37"",""range"":[{""start"":{""line"":11},""end"":{""line"":11}}]}"
"SecretsUsedInArgOrEnv: Do not use ARG or ENV instructions for sensitive data (ARG ""GEMINI_API_KEY"") (line 11)(https://docs.docker.com/go/dockerfile/rule/secrets-used-in-arg-or-env/)
 details: Sensitive data should not be used in the ARG or ENV commands
",2026-07-08T11:02:55.501959648Z,warn,"{""serviceId"":""de6023d4-d688-4ec0-aa7f-24b2f15dafb7"",""deploymentId"":""9d608935-628a-4468-870b-624950152e29"",""deploymentInstanceId"":null}","{""source"":""buildkit"",""type"":""warn"",""sourceInfo"":{""filename"":""Dockerfile"",""data"":""RlJPTSBnaGNyLmlvL3JhaWx3YXlhcHAvbml4cGFja3M6dWJ1bnR1LTE3NDU4ODUwNjcKCkVOVFJZUE9JTlQgWyIvYmluL2Jhc2giLCAiLWwiLCAiLWMiXQpXT1JLRElSIC9hcHAvCgoKQ09QWSAubml4cGFja3Mvbml4cGtncy1mZmVlYmYwYWNmM2FlOGIyOWY4YzcwNDljZDkxMWI5NjM2ZWZkN2U3Lm5peCAubml4cGFja3Mvbml4cGtncy1mZmVlYmYwYWNmM2FlOGIyOWY4YzcwNDljZDkxMWI5NjM2ZWZkN2U3Lm5peApSVU4gbml4LWVudiAtaWYgLm5peHBhY2tzL25peHBrZ3MtZmZlZWJmMGFjZjNhZThiMjlmOGM3MDQ5Y2Q5MTFiOTYzNmVmZDdlNy5uaXggJiYgbml4LWNvbGxlY3QtZ2FyYmFnZSAtZAoKCkFSRyBDSSBERUVQU0VFS19BUElfS0VZIEdFTUlOSV9BUElfS0VZIE5JWFBBQ0tTX01FVEFEQVRBIE5PREVfRU5WIE5QTV9DT05GSUdfUFJPRFVDVElPTiBSQUlMV0FZX0VOVklST05NRU5UIFJBSUxXQVlfRU5WSVJPTk1FTlRfSUQgUkFJTFdBWV9FTlZJUk9OTUVOVF9OQU1FIFJBSUxXQVlfR0lUX0FVVEhPUiBSQUlMV0FZX0dJVF9CUkFOQ0ggUkFJTFdBWV9HSVRfQ09NTUlUX01FU1NBR0UgUkFJTFdBWV9HSVRfQ09NTUlUX1NIQSBSQUlMV0FZX0dJVF9SRVBPX05BTUUgUkFJTFdBWV9HSVRfUkVQT19PV05FUiBSQUlMV0FZX1BSSVZBVEVfRE9NQUlOIFJBSUxXQVlfUFJPSkVDVF9JRCBSQUlMV0FZX1BST0pFQ1RfTkFNRSBSQUlMV0FZX1NFUlZJQ0VfSUQgUkFJTFdBWV9TRVJWSUNFX05BTUUgVEVMRUdSQU1fQk9UX1RPS0VOCkVOViBDST0kQ0kgREVFUFNFRUtfQVBJX0tFWT0kREVFUFNFRUtfQVBJX0tFWSBHRU1JTklfQVBJX0tFWT0kR0VNSU5JX0FQSV9LRVkgTklYUEFDS1NfTUVUQURBVEE9JE5JWFBBQ0tTX01FVEFEQVRBIE5PREVfRU5WPSROT0RFX0VOViBOUE1fQ09ORklHX1BST0RVQ1RJT049JE5QTV9DT05GSUdfUFJPRFVDVElPTiBSQUlMV0FZX0VOVklST05NRU5UPSRSQUlMV0FZX0VOVklST05NRU5UIFJBSUxXQVlfRU5WSVJPTk1FTlRfSUQ9JFJBSUxXQVlfRU5WSVJPTk1FTlRfSUQgUkFJTFdBWV9FTlZJUk9OTUVOVF9OQU1FPSRSQUlMV0FZX0VOVklST05NRU5UX05BTUUgUkFJTFdBWV9HSVRfQVVUSE9SPSRSQUlMV0FZX0dJVF9BVVRIT1IgUkFJTFdBWV9HSVRfQlJBTkNIPSRSQUlMV0FZX0dJVF9CUkFOQ0ggUkFJTFdBWV9HSVRfQ09NTUlUX01FU1NBR0U9JFJBSUxXQVlfR0lUX0NPTU1JVF9NRVNTQUdFIFJBSUxXQVlfR0lUX0NPTU1JVF9TSEE9JFJBSUxXQVlfR0lUX0NPTU1JVF9TSEEgUkFJTFdBWV9HSVRfUkVQT19OQU1FPSRSQUlMV0FZX0dJVF9SRVBPX05BTUUgUkFJTFdBWV9HSVRfUkVQT19PV05FUj0kUkFJTFdBWV9HSVRfUkVQT19PV05FUiBSQUlMV0FZX1BSSVZBVEVfRE9NQUlOPSRSQUlMV0FZX1BSSVZBVEVfRE9NQUlOIFJBSUxXQVlfUFJPSkVDVF9JRD0kUkFJTFdBWV9QUk9KRUNUX0lEIFJBSUxXQVlfUFJPSkVDVF9OQU1FPSRSQUlMV0FZX1BST0pFQ1RfTkFNRSBSQUlMV0FZX1NFUlZJQ0VfSUQ9JFJBSUxXQVlfU0VSVklDRV9JRCBSQUlMV0FZX1NFUlZJQ0VfTkFNRT0kUkFJTFdBWV9TRVJWSUNFX05BTUUgVEVMRUdSQU1fQk9UX1RPS0VOPSRURUxFR1JBTV9CT1RfVE9LRU4KCiMgc2V0dXAgcGhhc2UKIyBub29wCgojIGluc3RhbGwgcGhhc2UKRU5WIE5JWFBBQ0tTX1BBVEg9L2FwcC9ub2RlX21vZHVsZXMvLmJpbjokTklYUEFDS1NfUEFUSApDT1BZIC4gL2FwcC8uClJVTiAtLW1vdW50PXR5cGU9Y2FjaGUsaWQ9cy9kZTYwMjNkNC1kNjg4LTRlYzAtYWE3Zi0yNGIyZjE1ZGFmYjctL3Jvb3QvbG9jYWwvc2hhcmUvcG5wbS9zdG9yZS92Myx0YXJnZXQ9L3Jvb3QvLmxvY2FsL3NoYXJlL3BucG0vc3RvcmUvdjMgcGlwIGluc3RhbGwgLS1icmVhay1zeXN0ZW0tcGFja2FnZXMgLXIgYm90L3JlcXVpcmVtZW50cy50eHQKCiMgYnVpbGQgcGhhc2UKQ09QWSAuIC9hcHAvLgpSVU4gLS1tb3VudD10eXBlPWNhY2hlLGlkPXMvZGU2MDIzZDQtZDY4OC00ZWMwLWFhN2YtMjRiMmYxNWRhZmI3LW5vZGVfbW9kdWxlcy9jYWNoZSx0YXJnZXQ9L2FwcC9ub2RlX21vZHVsZXMvLmNhY2hlIHBucG0gcnVuIGJ1aWxkCgoKUlVOIHByaW50ZiAnXG5QQVRIPS9hcHAvbm9kZV9tb2R1bGVzLy5iaW46JFBBVEgnID4+IC9yb290Ly5wcm9maWxlCgoKIyBzdGFydApDT1BZIC4gL2FwcAoKQ01EIFsiYmFzaCBib3QvcnVuLnNoIl0KCg=="",""definition"":{""def"":[""WgAaxQEKEmxvY2FsOi8vZG9ja2VyZmlsZRIUCgxsb2NhbC5kaWZmZXISBG5vbmUSSgoRbG9jYWwuZm9sbG93cGF0aHMSNVsiRG9ja2VyZmlsZSIsIkRvY2tlcmZpbGUuZG9ja2VyaWdub3JlIiwiZG9ja2VyZmlsZSJdEioKDWxvY2FsLnNlc3Npb24SGTJkYWFwZG8xMndxYXIyejg5ZDhjbDl5bnYSIQoTbG9jYWwuc2hhcmVka2V5aGludBIKZG9ja2VyZmlsZQ=="",""CkkKR3NoYTI1NjplZDNlN2UxMTk0YWExMmY5MDlhYzlhMTRhZGQ1YWE0MDhiNzljZGM1NDkyZmVkYWQ2ODYxMGQ5ZjhjODBjYzM3""],""metadata"":{""sha256:8ee4dd9ffc36513099570cfe5e21bc0b32604a6149848c687a689d69a90a7889"":{""caps"":{""constraints"":true,""meta.description"":true,""platform"":true}},""sha256:ed3e7e1194aa12f909ac9a14add5aa408b79cdc5492fedad68610d9f8c80cc37"":{""description"":{""llb.customname"":""[internal] load build definition from Dockerfile""},""caps"":{""source.local"":true,""source.local.followpaths"":true,""source.local.sessionid"":true,""source.local.sharedkeyhint"":true}}},""Source"":{""locations"":{""sha256:ed3e7e1194aa12f909ac9a14add5aa408b79cdc5492fedad68610d9f8c80cc37"":{}}}},""language"":""Dockerfile""},""level"":""warn"",""vertex"":""sha256:ed3e7e1194aa12f909ac9a14add5aa408b79cdc5492fedad68610d9f8c80cc37"",""range"":[{""start"":{""line"":11},""end"":{""line"":11}}]}"
"SecretsUsedInArgOrEnv: Do not use ARG or ENV instructions for sensitive data (ARG ""TELEGRAM_BOT_TOKEN"") (line 11)(https://docs.docker.com/go/dockerfile/rule/secrets-used-in-arg-or-env/)
 details: Sensitive data should not be used in the ARG or ENV commands
",2026-07-08T11:02:55.501960419Z,warn,"{""serviceId"":""de6023d4-d688-4ec0-aa7f-24b2f15dafb7"",""deploymentId"":""9d608935-628a-4468-870b-624950152e29"",""deploymentInstanceId"":null}","{""source"":""buildkit"",""type"":""warn"",""sourceInfo"":{""filename"":""Dockerfile"",""data"":""RlJPTSBnaGNyLmlvL3JhaWx3YXlhcHAvbml4cGFja3M6dWJ1bnR1LTE3NDU4ODUwNjcKCkVOVFJZUE9JTlQgWyIvYmluL2Jhc2giLCAiLWwiLCAiLWMiXQpXT1JLRElSIC9hcHAvCgoKQ09QWSAubml4cGFja3Mvbml4cGtncy1mZmVlYmYwYWNmM2FlOGIyOWY4YzcwNDljZDkxMWI5NjM2ZWZkN2U3Lm5peCAubml4cGFja3Mvbml4cGtncy1mZmVlYmYwYWNmM2FlOGIyOWY4YzcwNDljZDkxMWI5NjM2ZWZkN2U3Lm5peApSVU4gbml4LWVudiAtaWYgLm5peHBhY2tzL25peHBrZ3MtZmZlZWJmMGFjZjNhZThiMjlmOGM3MDQ5Y2Q5MTFiOTYzNmVmZDdlNy5uaXggJiYgbml4LWNvbGxlY3QtZ2FyYmFnZSAtZAoKCkFSRyBDSSBERUVQU0VFS19BUElfS0VZIEdFTUlOSV9BUElfS0VZIE5JWFBBQ0tTX01FVEFEQVRBIE5PREVfRU5WIE5QTV9DT05GSUdfUFJPRFVDVElPTiBSQUlMV0FZX0VOVklST05NRU5UIFJBSUxXQVlfRU5WSVJPTk1FTlRfSUQgUkFJTFdBWV9FTlZJUk9OTUVOVF9OQU1FIFJBSUxXQVlfR0lUX0FVVEhPUiBSQUlMV0FZX0dJVF9CUkFOQ0ggUkFJTFdBWV9HSVRfQ09NTUlUX01FU1NBR0UgUkFJTFdBWV9HSVRfQ09NTUlUX1NIQSBSQUlMV0FZX0dJVF9SRVBPX05BTUUgUkFJTFdBWV9HSVRfUkVQT19PV05FUiBSQUlMV0FZX1BSSVZBVEVfRE9NQUlOIFJBSUxXQVlfUFJPSkVDVF9JRCBSQUlMV0FZX1BST0pFQ1RfTkFNRSBSQUlMV0FZX1NFUlZJQ0VfSUQgUkFJTFdBWV9TRVJWSUNFX05BTUUgVEVMRUdSQU1fQk9UX1RPS0VOCkVOViBDST0kQ0kgREVFUFNFRUtfQVBJX0tFWT0kREVFUFNFRUtfQVBJX0tFWSBHRU1JTklfQVBJX0tFWT0kR0VNSU5JX0FQSV9LRVkgTklYUEFDS1NfTUVUQURBVEE9JE5JWFBBQ0tTX01FVEFEQVRBIE5PREVfRU5WPSROT0RFX0VOViBOUE1fQ09ORklHX1BST0RVQ1RJT049JE5QTV9DT05GSUdfUFJPRFVDVElPTiBSQUlMV0FZX0VOVklST05NRU5UPSRSQUlMV0FZX0VOVklST05NRU5UIFJBSUxXQVlfRU5WSVJPTk1FTlRfSUQ9JFJBSUxXQVlfRU5WSVJPTk1FTlRfSUQgUkFJTFdBWV9FTlZJUk9OTUVOVF9OQU1FPSRSQUlMV0FZX0VOVklST05NRU5UX05BTUUgUkFJTFdBWV9HSVRfQVVUSE9SPSRSQUlMV0FZX0dJVF9BVVRIT1IgUkFJTFdBWV9HSVRfQlJBTkNIPSRSQUlMV0FZX0dJVF9CUkFOQ0ggUkFJTFdBWV9HSVRfQ09NTUlUX01FU1NBR0U9JFJBSUxXQVlfR0lUX0NPTU1JVF9NRVNTQUdFIFJBSUxXQVlfR0lUX0NPTU1JVF9TSEE9JFJBSUxXQVlfR0lUX0NPTU1JVF9TSEEgUkFJTFdBWV9HSVRfUkVQT19OQU1FPSRSQUlMV0FZX0dJVF9SRVBPX05BTUUgUkFJTFdBWV9HSVRfUkVQT19PV05FUj0kUkFJTFdBWV9HSVRfUkVQT19PV05FUiBSQUlMV0FZX1BSSVZBVEVfRE9NQUlOPSRSQUlMV0FZX1BSSVZBVEVfRE9NQUlOIFJBSUxXQVlfUFJPSkVDVF9JRD0kUkFJTFdBWV9QUk9KRUNUX0lEIFJBSUxXQVlfUFJPSkVDVF9OQU1FPSRSQUlMV0FZX1BST0pFQ1RfTkFNRSBSQUlMV0FZX1NFUlZJQ0VfSUQ9JFJBSUxXQVlfU0VSVklDRV9JRCBSQUlMV0FZX1NFUlZJQ0VfTkFNRT0kUkFJTFdBWV9TRVJWSUNFX05BTUUgVEVMRUdSQU1fQk9UX1RPS0VOPSRURUxFR1JBTV9CT1RfVE9LRU4KCiMgc2V0dXAgcGhhc2UKIyBub29wCgojIGluc3RhbGwgcGhhc2UKRU5WIE5JWFBBQ0tTX1BBVEg9L2FwcC9ub2RlX21vZHVsZXMvLmJpbjokTklYUEFDS1NfUEFUSApDT1BZIC4gL2FwcC8uClJVTiAtLW1vdW50PXR5cGU9Y2FjaGUsaWQ9cy9kZTYwMjNkNC1kNjg4LTRlYzAtYWE3Zi0yNGIyZjE1ZGFmYjctL3Jvb3QvbG9jYWwvc2hhcmUvcG5wbS9zdG9yZS92Myx0YXJnZXQ9L3Jvb3QvLmxvY2FsL3NoYXJlL3BucG0vc3RvcmUvdjMgcGlwIGluc3RhbGwgLS1icmVhay1zeXN0ZW0tcGFja2FnZXMgLXIgYm90L3JlcXVpcmVtZW50cy50eHQKCiMgYnVpbGQgcGhhc2UKQ09QWSAuIC9hcHAvLgpSVU4gLS1tb3VudD10eXBlPWNhY2hlLGlkPXMvZGU2MDIzZDQtZDY4OC00ZWMwLWFhN2YtMjRiMmYxNWRhZmI3LW5vZGVfbW9kdWxlcy9jYWNoZSx0YXJnZXQ9L2FwcC9ub2RlX21vZHVsZXMvLmNhY2hlIHBucG0gcnVuIGJ1aWxkCgoKUlVOIHByaW50ZiAnXG5QQVRIPS9hcHAvbm9kZV9tb2R1bGVzLy5iaW46JFBBVEgnID4+IC9yb290Ly5wcm9maWxlCgoKIyBzdGFydApDT1BZIC4gL2FwcAoKQ01EIFsiYmFzaCBib3QvcnVuLnNoIl0KCg=="",""definition"":{""def"":[""WgAaxQEKEmxvY2FsOi8vZG9ja2VyZmlsZRIUCgxsb2NhbC5kaWZmZXISBG5vbmUSSgoRbG9jYWwuZm9sbG93cGF0aHMSNVsiRG9ja2VyZmlsZSIsIkRvY2tlcmZpbGUuZG9ja2VyaWdub3JlIiwiZG9ja2VyZmlsZSJdEioKDWxvY2FsLnNlc3Npb24SGTJkYWFwZG8xMndxYXIyejg5ZDhjbDl5bnYSIQoTbG9jYWwuc2hhcmVka2V5aGludBIKZG9ja2VyZmlsZQ=="",""CkkKR3NoYTI1NjplZDNlN2UxMTk0YWExMmY5MDlhYzlhMTRhZGQ1YWE0MDhiNzljZGM1NDkyZmVkYWQ2ODYxMGQ5ZjhjODBjYzM3""],""metadata"":{""sha256:8ee4dd9ffc36513099570cfe5e21bc0b32604a6149848c687a689d69a90a7889"":{""caps"":{""constraints"":true,""meta.description"":true,""platform"":true}},""sha256:ed3e7e1194aa12f909ac9a14add5aa408b79cdc5492fedad68610d9f8c80cc37"":{""description"":{""llb.customname"":""[internal] load build definition from Dockerfile""},""caps"":{""source.local"":true,""source.local.followpaths"":true,""source.local.sessionid"":true,""source.local.sharedkeyhint"":true}}},""Source"":{""locations"":{""sha256:ed3e7e1194aa12f909ac9a14add5aa408b79cdc5492fedad68610d9f8c80cc37"":{}}}},""language"":""Dockerfile""},""level"":""warn"",""vertex"":""sha256:ed3e7e1194aa12f909ac9a14add5aa408b79cdc5492fedad68610d9f8c80cc37"",""range"":[{""start"":{""line"":11},""end"":{""line"":11}}]}"
"SecretsUsedInArgOrEnv: Do not use ARG or ENV instructions for sensitive data (ENV ""DEEPSEEK_API_KEY"") (line 12)(https://docs.docker.com/go/dockerfile/rule/secrets-used-in-arg-or-env/)
 details: Sensitive data should not be used in the ARG or ENV commands
",2026-07-08T11:02:55.502651666Z,warn,"{""serviceId"":""de6023d4-d688-4ec0-aa7f-24b2f15dafb7"",""deploymentId"":""9d608935-628a-4468-870b-624950152e29"",""deploymentInstanceId"":null}","{""source"":""buildkit"",""type"":""warn"",""sourceInfo"":{""filename"":""Dockerfile"",""data"":""RlJPTSBnaGNyLmlvL3JhaWx3YXlhcHAvbml4cGFja3M6dWJ1bnR1LTE3NDU4ODUwNjcKCkVOVFJZUE9JTlQgWyIvYmluL2Jhc2giLCAiLWwiLCAiLWMiXQpXT1JLRElSIC9hcHAvCgoKQ09QWSAubml4cGFja3Mvbml4cGtncy1mZmVlYmYwYWNmM2FlOGIyOWY4YzcwNDljZDkxMWI5NjM2ZWZkN2U3Lm5peCAubml4cGFja3Mvbml4cGtncy1mZmVlYmYwYWNmM2FlOGIyOWY4YzcwNDljZDkxMWI5NjM2ZWZkN2U3Lm5peApSVU4gbml4LWVudiAtaWYgLm5peHBhY2tzL25peHBrZ3MtZmZlZWJmMGFjZjNhZThiMjlmOGM3MDQ5Y2Q5MTFiOTYzNmVmZDdlNy5uaXggJiYgbml4LWNvbGxlY3QtZ2FyYmFnZSAtZAoKCkFSRyBDSSBERUVQU0VFS19BUElfS0VZIEdFTUlOSV9BUElfS0VZIE5JWFBBQ0tTX01FVEFEQVRBIE5PREVfRU5WIE5QTV9DT05GSUdfUFJPRFVDVElPTiBSQUlMV0FZX0VOVklST05NRU5UIFJBSUxXQVlfRU5WSVJPTk1FTlRfSUQgUkFJTFdBWV9FTlZJUk9OTUVOVF9OQU1FIFJBSUxXQVlfR0lUX0FVVEhPUiBSQUlMV0FZX0dJVF9CUkFOQ0ggUkFJTFdBWV9HSVRfQ09NTUlUX01FU1NBR0UgUkFJTFdBWV9HSVRfQ09NTUlUX1NIQSBSQUlMV0FZX0dJVF9SRVBPX05BTUUgUkFJTFdBWV9HSVRfUkVQT19PV05FUiBSQUlMV0FZX1BSSVZBVEVfRE9NQUlOIFJBSUxXQVlfUFJPSkVDVF9JRCBSQUlMV0FZX1BST0pFQ1RfTkFNRSBSQUlMV0FZX1NFUlZJQ0VfSUQgUkFJTFdBWV9TRVJWSUNFX05BTUUgVEVMRUdSQU1fQk9UX1RPS0VOCkVOViBDST0kQ0kgREVFUFNFRUtfQVBJX0tFWT0kREVFUFNFRUtfQVBJX0tFWSBHRU1JTklfQVBJX0tFWT0kR0VNSU5JX0FQSV9LRVkgTklYUEFDS1NfTUVUQURBVEE9JE5JWFBBQ0tTX01FVEFEQVRBIE5PREVfRU5WPSROT0RFX0VOViBOUE1fQ09ORklHX1BST0RVQ1RJT049JE5QTV9DT05GSUdfUFJPRFVDVElPTiBSQUlMV0FZX0VOVklST05NRU5UPSRSQUlMV0FZX0VOVklST05NRU5UIFJBSUxXQVlfRU5WSVJPTk1FTlRfSUQ9JFJBSUxXQVlfRU5WSVJPTk1FTlRfSUQgUkFJTFdBWV9FTlZJUk9OTUVOVF9OQU1FPSRSQUlMV0FZX0VOVklST05NRU5UX05BTUUgUkFJTFdBWV9HSVRfQVVUSE9SPSRSQUlMV0FZX0dJVF9BVVRIT1IgUkFJTFdBWV9HSVRfQlJBTkNIPSRSQUlMV0FZX0dJVF9CUkFOQ0ggUkFJTFdBWV9HSVRfQ09NTUlUX01FU1NBR0U9JFJBSUxXQVlfR0lUX0NPTU1JVF9NRVNTQUdFIFJBSUxXQVlfR0lUX0NPTU1JVF9TSEE9JFJBSUxXQVlfR0lUX0NPTU1JVF9TSEEgUkFJTFdBWV9HSVRfUkVQT19OQU1FPSRSQUlMV0FZX0dJVF9SRVBPX05BTUUgUkFJTFdBWV9HSVRfUkVQT19PV05FUj0kUkFJTFdBWV9HSVRfUkVQT19PV05FUiBSQUlMV0FZX1BSSVZBVEVfRE9NQUlOPSRSQUlMV0FZX1BSSVZBVEVfRE9NQUlOIFJBSUxXQVlfUFJPSkVDVF9JRD0kUkFJTFdBWV9QUk9KRUNUX0lEIFJBSUxXQVlfUFJPSkVDVF9OQU1FPSRSQUlMV0FZX1BST0pFQ1RfTkFNRSBSQUlMV0FZX1NFUlZJQ0VfSUQ9JFJBSUxXQVlfU0VSVklDRV9JRCBSQUlMV0FZX1NFUlZJQ0VfTkFNRT0kUkFJTFdBWV9TRVJWSUNFX05BTUUgVEVMRUdSQU1fQk9UX1RPS0VOPSRURUxFR1JBTV9CT1RfVE9LRU4KCiMgc2V0dXAgcGhhc2UKIyBub29wCgojIGluc3RhbGwgcGhhc2UKRU5WIE5JWFBBQ0tTX1BBVEg9L2FwcC9ub2RlX21vZHVsZXMvLmJpbjokTklYUEFDS1NfUEFUSApDT1BZIC4gL2FwcC8uClJVTiAtLW1vdW50PXR5cGU9Y2FjaGUsaWQ9cy9kZTYwMjNkNC1kNjg4LTRlYzAtYWE3Zi0yNGIyZjE1ZGFmYjctL3Jvb3QvbG9jYWwvc2hhcmUvcG5wbS9zdG9yZS92Myx0YXJnZXQ9L3Jvb3QvLmxvY2FsL3NoYXJlL3BucG0vc3RvcmUvdjMgcGlwIGluc3RhbGwgLS1icmVhay1zeXN0ZW0tcGFja2FnZXMgLXIgYm90L3JlcXVpcmVtZW50cy50eHQKCiMgYnVpbGQgcGhhc2UKQ09QWSAuIC9hcHAvLgpSVU4gLS1tb3VudD10eXBlPWNhY2hlLGlkPXMvZGU2MDIzZDQtZDY4OC00ZWMwLWFhN2YtMjRiMmYxNWRhZmI3LW5vZGVfbW9kdWxlcy9jYWNoZSx0YXJnZXQ9L2FwcC9ub2RlX21vZHVsZXMvLmNhY2hlIHBucG0gcnVuIGJ1aWxkCgoKUlVOIHByaW50ZiAnXG5QQVRIPS9hcHAvbm9kZV9tb2R1bGVzLy5iaW46JFBBVEgnID4+IC9yb290Ly5wcm9maWxlCgoKIyBzdGFydApDT1BZIC4gL2FwcAoKQ01EIFsiYmFzaCBib3QvcnVuLnNoIl0KCg=="",""definition"":{""def"":[""WgAaxQEKEmxvY2FsOi8vZG9ja2VyZmlsZRIUCgxsb2NhbC5kaWZmZXISBG5vbmUSSgoRbG9jYWwuZm9sbG93cGF0aHMSNVsiRG9ja2VyZmlsZSIsIkRvY2tlcmZpbGUuZG9ja2VyaWdub3JlIiwiZG9ja2VyZmlsZSJdEioKDWxvY2FsLnNlc3Npb24SGTJkYWFwZG8xMndxYXIyejg5ZDhjbDl5bnYSIQoTbG9jYWwuc2hhcmVka2V5aGludBIKZG9ja2VyZmlsZQ=="",""CkkKR3NoYTI1NjplZDNlN2UxMTk0YWExMmY5MDlhYzlhMTRhZGQ1YWE0MDhiNzljZGM1NDkyZmVkYWQ2ODYxMGQ5ZjhjODBjYzM3""],""metadata"":{""sha256:8ee4dd9ffc36513099570cfe5e21bc0b32604a6149848c687a689d69a90a7889"":{""caps"":{""constraints"":true,""meta.description"":true,""platform"":true}},""sha256:ed3e7e1194aa12f909ac9a14add5aa408b79cdc5492fedad68610d9f8c80cc37"":{""description"":{""llb.customname"":""[internal] load build definition from Dockerfile""},""caps"":{""source.local"":true,""source.local.followpaths"":true,""source.local.sessionid"":true,""source.local.sharedkeyhint"":true}}},""Source"":{""locations"":{""sha256:ed3e7e1194aa12f909ac9a14add5aa408b79cdc5492fedad68610d9f8c80cc37"":{}}}},""language"":""Dockerfile""},""level"":""warn"",""vertex"":""sha256:ed3e7e1194aa12f909ac9a14add5aa408b79cdc5492fedad68610d9f8c80cc37"",""range"":[{""start"":{""line"":12},""end"":{""line"":12}}]}"
"SecretsUsedInArgOrEnv: Do not use ARG or ENV instructions for sensitive data (ENV ""GEMINI_API_KEY"") (line 12)(https://docs.docker.com/go/dockerfile/rule/secrets-used-in-arg-or-env/)
 details: Sensitive data should not be used in the ARG or ENV commands
",2026-07-08T11:02:55.502663224Z,warn,"{""serviceId"":""de6023d4-d688-4ec0-aa7f-24b2f15dafb7"",""deploymentId"":""9d608935-628a-4468-870b-624950152e29"",""deploymentInstanceId"":null}","{""source"":""buildkit"",""type"":""warn"",""sourceInfo"":{""filename"":""Dockerfile"",""data"":""RlJPTSBnaGNyLmlvL3JhaWx3YXlhcHAvbml4cGFja3M6dWJ1bnR1LTE3NDU4ODUwNjcKCkVOVFJZUE9JTlQgWyIvYmluL2Jhc2giLCAiLWwiLCAiLWMiXQpXT1JLRElSIC9hcHAvCgoKQ09QWSAubml4cGFja3Mvbml4cGtncy1mZmVlYmYwYWNmM2FlOGIyOWY4YzcwNDljZDkxMWI5NjM2ZWZkN2U3Lm5peCAubml4cGFja3Mvbml4cGtncy1mZmVlYmYwYWNmM2FlOGIyOWY4YzcwNDljZDkxMWI5NjM2ZWZkN2U3Lm5peApSVU4gbml4LWVudiAtaWYgLm5peHBhY2tzL25peHBrZ3MtZmZlZWJmMGFjZjNhZThiMjlmOGM3MDQ5Y2Q5MTFiOTYzNmVmZDdlNy5uaXggJiYgbml4LWNvbGxlY3QtZ2FyYmFnZSAtZAoKCkFSRyBDSSBERUVQU0VFS19BUElfS0VZIEdFTUlOSV9BUElfS0VZIE5JWFBBQ0tTX01FVEFEQVRBIE5PREVfRU5WIE5QTV9DT05GSUdfUFJPRFVDVElPTiBSQUlMV0FZX0VOVklST05NRU5UIFJBSUxXQVlfRU5WSVJPTk1FTlRfSUQgUkFJTFdBWV9FTlZJUk9OTUVOVF9OQU1FIFJBSUxXQVlfR0lUX0FVVEhPUiBSQUlMV0FZX0dJVF9CUkFOQ0ggUkFJTFdBWV9HSVRfQ09NTUlUX01FU1NBR0UgUkFJTFdBWV9HSVRfQ09NTUlUX1NIQSBSQUlMV0FZX0dJVF9SRVBPX05BTUUgUkFJTFdBWV9HSVRfUkVQT19PV05FUiBSQUlMV0FZX1BSSVZBVEVfRE9NQUlOIFJBSUxXQVlfUFJPSkVDVF9JRCBSQUlMV0FZX1BST0pFQ1RfTkFNRSBSQUlMV0FZX1NFUlZJQ0VfSUQgUkFJTFdBWV9TRVJWSUNFX05BTUUgVEVMRUdSQU1fQk9UX1RPS0VOCkVOViBDST0kQ0kgREVFUFNFRUtfQVBJX0tFWT0kREVFUFNFRUtfQVBJX0tFWSBHRU1JTklfQVBJX0tFWT0kR0VNSU5JX0FQSV9LRVkgTklYUEFDS1NfTUVUQURBVEE9JE5JWFBBQ0tTX01FVEFEQVRBIE5PREVfRU5WPSROT0RFX0VOViBOUE1fQ09ORklHX1BST0RVQ1RJT049JE5QTV9DT05GSUdfUFJPRFVDVElPTiBSQUlMV0FZX0VOVklST05NRU5UPSRSQUlMV0FZX0VOVklST05NRU5UIFJBSUxXQVlfRU5WSVJPTk1FTlRfSUQ9JFJBSUxXQVlfRU5WSVJPTk1FTlRfSUQgUkFJTFdBWV9FTlZJUk9OTUVOVF9OQU1FPSRSQUlMV0FZX0VOVklST05NRU5UX05BTUUgUkFJTFdBWV9HSVRfQVVUSE9SPSRSQUlMV0FZX0dJVF9BVVRIT1IgUkFJTFdBWV9HSVRfQlJBTkNIPSRSQUlMV0FZX0dJVF9CUkFOQ0ggUkFJTFdBWV9HSVRfQ09NTUlUX01FU1NBR0U9JFJBSUxXQVlfR0lUX0NPTU1JVF9NRVNTQUdFIFJBSUxXQVlfR0lUX0NPTU1JVF9TSEE9JFJBSUxXQVlfR0lUX0NPTU1JVF9TSEEgUkFJTFdBWV9HSVRfUkVQT19OQU1FPSRSQUlMV0FZX0dJVF9SRVBPX05BTUUgUkFJTFdBWV9HSVRfUkVQT19PV05FUj0kUkFJTFdBWV9HSVRfUkVQT19PV05FUiBSQUlMV0FZX1BSSVZBVEVfRE9NQUlOPSRSQUlMV0FZX1BSSVZBVEVfRE9NQUlOIFJBSUxXQVlfUFJPSkVDVF9JRD0kUkFJTFdBWV9QUk9KRUNUX0lEIFJBSUxXQVlfUFJPSkVDVF9OQU1FPSRSQUlMV0FZX1BST0pFQ1RfTkFNRSBSQUlMV0FZX1NFUlZJQ0VfSUQ9JFJBSUxXQVlfU0VSVklDRV9JRCBSQUlMV0FZX1NFUlZJQ0VfTkFNRT0kUkFJTFdBWV9TRVJWSUNFX05BTUUgVEVMRUdSQU1fQk9UX1RPS0VOPSRURUxFR1JBTV9CT1RfVE9LRU4KCiMgc2V0dXAgcGhhc2UKIyBub29wCgojIGluc3RhbGwgcGhhc2UKRU5WIE5JWFBBQ0tTX1BBVEg9L2FwcC9ub2RlX21vZHVsZXMvLmJpbjokTklYUEFDS1NfUEFUSApDT1BZIC4gL2FwcC8uClJVTiAtLW1vdW50PXR5cGU9Y2FjaGUsaWQ9cy9kZTYwMjNkNC1kNjg4LTRlYzAtYWE3Zi0yNGIyZjE1ZGFmYjctL3Jvb3QvbG9jYWwvc2hhcmUvcG5wbS9zdG9yZS92Myx0YXJnZXQ9L3Jvb3QvLmxvY2FsL3NoYXJlL3BucG0vc3RvcmUvdjMgcGlwIGluc3RhbGwgLS1icmVhay1zeXN0ZW0tcGFja2FnZXMgLXIgYm90L3JlcXVpcmVtZW50cy50eHQKCiMgYnVpbGQgcGhhc2UKQ09QWSAuIC9hcHAvLgpSVU4gLS1tb3VudD10eXBlPWNhY2hlLGlkPXMvZGU2MDIzZDQtZDY4OC00ZWMwLWFhN2YtMjRiMmYxNWRhZmI3LW5vZGVfbW9kdWxlcy9jYWNoZSx0YXJnZXQ9L2FwcC9ub2RlX21vZHVsZXMvLmNhY2hlIHBucG0gcnVuIGJ1aWxkCgoKUlVOIHByaW50ZiAnXG5QQVRIPS9hcHAvbm9kZV9tb2R1bGVzLy5iaW46JFBBVEgnID4+IC9yb290Ly5wcm9maWxlCgoKIyBzdGFydApDT1BZIC4gL2FwcAoKQ01EIFsiYmFzaCBib3QvcnVuLnNoIl0KCg=="",""definition"":{""def"":[""WgAaxQEKEmxvY2FsOi8vZG9ja2VyZmlsZRIUCgxsb2NhbC5kaWZmZXISBG5vbmUSSgoRbG9jYWwuZm9sbG93cGF0aHMSNVsiRG9ja2VyZmlsZSIsIkRvY2tlcmZpbGUuZG9ja2VyaWdub3JlIiwiZG9ja2VyZmlsZSJdEioKDWxvY2FsLnNlc3Npb24SGTJkYWFwZG8xMndxYXIyejg5ZDhjbDl5bnYSIQoTbG9jYWwuc2hhcmVka2V5aGludBIKZG9ja2VyZmlsZQ=="",""CkkKR3NoYTI1NjplZDNlN2UxMTk0YWExMmY5MDlhYzlhMTRhZGQ1YWE0MDhiNzljZGM1NDkyZmVkYWQ2ODYxMGQ5ZjhjODBjYzM3""],""metadata"":{""sha256:8ee4dd9ffc36513099570cfe5e21bc0b32604a6149848c687a689d69a90a7889"":{""caps"":{""constraints"":true,""meta.description"":true,""platform"":true}},""sha256:ed3e7e1194aa12f909ac9a14add5aa408b79cdc5492fedad68610d9f8c80cc37"":{""description"":{""llb.customname"":""[internal] load build definition from Dockerfile""},""caps"":{""source.local"":true,""source.local.followpaths"":true,""source.local.sessionid"":true,""source.local.sharedkeyhint"":true}}},""Source"":{""locations"":{""sha256:ed3e7e1194aa12f909ac9a14add5aa408b79cdc5492fedad68610d9f8c80cc37"":{}}}},""language"":""Dockerfile""},""level"":""warn"",""vertex"":""sha256:ed3e7e1194aa12f909ac9a14add5aa408b79cdc5492fedad68610d9f8c80cc37"",""range"":[{""start"":{""line"":12},""end"":{""line"":12}}]}"
"SecretsUsedInArgOrEnv: Do not use ARG or ENV instructions for sensitive data (ENV ""TELEGRAM_BOT_TOKEN"") (line 12)(https://docs.docker.com/go/dockerfile/rule/secrets-used-in-arg-or-env/)
 details: Sensitive data should not be used in the ARG or ENV commands
",2026-07-08T11:02:55.502696233Z,warn,"{""serviceId"":""de6023d4-d688-4ec0-aa7f-24b2f15dafb7"",""deploymentId"":""9d608935-628a-4468-870b-624950152e29"",""deploymentInstanceId"":null}","{""source"":""buildkit"",""type"":""warn"",""sourceInfo"":{""filename"":""Dockerfile"",""data"":""RlJPTSBnaGNyLmlvL3JhaWx3YXlhcHAvbml4cGFja3M6dWJ1bnR1LTE3NDU4ODUwNjcKCkVOVFJZUE9JTlQgWyIvYmluL2Jhc2giLCAiLWwiLCAiLWMiXQpXT1JLRElSIC9hcHAvCgoKQ09QWSAubml4cGFja3Mvbml4cGtncy1mZmVlYmYwYWNmM2FlOGIyOWY4YzcwNDljZDkxMWI5NjM2ZWZkN2U3Lm5peCAubml4cGFja3Mvbml4cGtncy1mZmVlYmYwYWNmM2FlOGIyOWY4YzcwNDljZDkxMWI5NjM2ZWZkN2U3Lm5peApSVU4gbml4LWVudiAtaWYgLm5peHBhY2tzL25peHBrZ3MtZmZlZWJmMGFjZjNhZThiMjlmOGM3MDQ5Y2Q5MTFiOTYzNmVmZDdlNy5uaXggJiYgbml4LWNvbGxlY3QtZ2FyYmFnZSAtZAoKCkFSRyBDSSBERUVQU0VFS19BUElfS0VZIEdFTUlOSV9BUElfS0VZIE5JWFBBQ0tTX01FVEFEQVRBIE5PREVfRU5WIE5QTV9DT05GSUdfUFJPRFVDVElPTiBSQUlMV0FZX0VOVklST05NRU5UIFJBSUxXQVlfRU5WSVJPTk1FTlRfSUQgUkFJTFdBWV9FTlZJUk9OTUVOVF9OQU1FIFJBSUxXQVlfR0lUX0FVVEhPUiBSQUlMV0FZX0dJVF9CUkFOQ0ggUkFJTFdBWV9HSVRfQ09NTUlUX01FU1NBR0UgUkFJTFdBWV9HSVRfQ09NTUlUX1NIQSBSQUlMV0FZX0dJVF9SRVBPX05BTUUgUkFJTFdBWV9HSVRfUkVQT19PV05FUiBSQUlMV0FZX1BSSVZBVEVfRE9NQUlOIFJBSUxXQVlfUFJPSkVDVF9JRCBSQUlMV0FZX1BST0pFQ1RfTkFNRSBSQUlMV0FZX1NFUlZJQ0VfSUQgUkFJTFdBWV9TRVJWSUNFX05BTUUgVEVMRUdSQU1fQk9UX1RPS0VOCkVOViBDST0kQ0kgREVFUFNFRUtfQVBJX0tFWT0kREVFUFNFRUtfQVBJX0tFWSBHRU1JTklfQVBJX0tFWT0kR0VNSU5JX0FQSV9LRVkgTklYUEFDS1NfTUVUQURBVEE9JE5JWFBBQ0tTX01FVEFEQVRBIE5PREVfRU5WPSROT0RFX0VOViBOUE1fQ09ORklHX1BST0RVQ1RJT049JE5QTV9DT05GSUdfUFJPRFVDVElPTiBSQUlMV0FZX0VOVklST05NRU5UPSRSQUlMV0FZX0VOVklST05NRU5UIFJBSUxXQVlfRU5WSVJPTk1FTlRfSUQ9JFJBSUxXQVlfRU5WSVJPTk1FTlRfSUQgUkFJTFdBWV9FTlZJUk9OTUVOVF9OQU1FPSRSQUlMV0FZX0VOVklST05NRU5UX05BTUUgUkFJTFdBWV9HSVRfQVVUSE9SPSRSQUlMV0FZX0dJVF9BVVRIT1IgUkFJTFdBWV9HSVRfQlJBTkNIPSRSQUlMV0FZX0dJVF9CUkFOQ0ggUkFJTFdBWV9HSVRfQ09NTUlUX01FU1NBR0U9JFJBSUxXQVlfR0lUX0NPTU1JVF9NRVNTQUdFIFJBSUxXQVlfR0lUX0NPTU1JVF9TSEE9JFJBSUxXQVlfR0lUX0NPTU1JVF9TSEEgUkFJTFdBWV9HSVRfUkVQT19OQU1FPSRSQUlMV0FZX0dJVF9SRVBPX05BTUUgUkFJTFdBWV9HSVRfUkVQT19PV05FUj0kUkFJTFdBWV9HSVRfUkVQT19PV05FUiBSQUlMV0FZX1BSSVZBVEVfRE9NQUlOPSRSQUlMV0FZX1BSSVZBVEVfRE9NQUlOIFJBSUxXQVlfUFJPSkVDVF9JRD0kUkFJTFdBWV9QUk9KRUNUX0lEIFJBSUxXQVlfUFJPSkVDVF9OQU1FPSRSQUlMV0FZX1BST0pFQ1RfTkFNRSBSQUlMV0FZX1NFUlZJQ0VfSUQ9JFJBSUxXQVlfU0VSVklDRV9JRCBSQUlMV0FZX1NFUlZJQ0VfTkFNRT0kUkFJTFdBWV9TRVJWSUNFX05BTUUgVEVMRUdSQU1fQk9UX1RPS0VOPSRURUxFR1JBTV9CT1RfVE9LRU4KCiMgc2V0dXAgcGhhc2UKIyBub29wCgojIGluc3RhbGwgcGhhc2UKRU5WIE5JWFBBQ0tTX1BBVEg9L2FwcC9ub2RlX21vZHVsZXMvLmJpbjokTklYUEFDS1NfUEFUSApDT1BZIC4gL2FwcC8uClJVTiAtLW1vdW50PXR5cGU9Y2FjaGUsaWQ9cy9kZTYwMjNkNC1kNjg4LTRlYzAtYWE3Zi0yNGIyZjE1ZGFmYjctL3Jvb3QvbG9jYWwvc2hhcmUvcG5wbS9zdG9yZS92Myx0YXJnZXQ9L3Jvb3QvLmxvY2FsL3NoYXJlL3BucG0vc3RvcmUvdjMgcGlwIGluc3RhbGwgLS1icmVhay1zeXN0ZW0tcGFja2FnZXMgLXIgYm90L3JlcXVpcmVtZW50cy50eHQKCiMgYnVpbGQgcGhhc2UKQ09QWSAuIC9hcHAvLgpSVU4gLS1tb3VudD10eXBlPWNhY2hlLGlkPXMvZGU2MDIzZDQtZDY4OC00ZWMwLWFhN2YtMjRiMmYxNWRhZmI3LW5vZGVfbW9kdWxlcy9jYWNoZSx0YXJnZXQ9L2FwcC9ub2RlX21vZHVsZXMvLmNhY2hlIHBucG0gcnVuIGJ1aWxkCgoKUlVOIHByaW50ZiAnXG5QQVRIPS9hcHAvbm9kZV9tb2R1bGVzLy5iaW46JFBBVEgnID4+IC9yb290Ly5wcm9maWxlCgoKIyBzdGFydApDT1BZIC4gL2FwcAoKQ01EIFsiYmFzaCBib3QvcnVuLnNoIl0KCg=="",""definition"":{""def"":[""WgAaxQEKEmxvY2FsOi8vZG9ja2VyZmlsZRIUCgxsb2NhbC5kaWZmZXISBG5vbmUSSgoRbG9jYWwuZm9sbG93cGF0aHMSNVsiRG9ja2VyZmlsZSIsIkRvY2tlcmZpbGUuZG9ja2VyaWdub3JlIiwiZG9ja2VyZmlsZSJdEioKDWxvY2FsLnNlc3Npb24SGTJkYWFwZG8xMndxYXIyejg5ZDhjbDl5bnYSIQoTbG9jYWwuc2hhcmVka2V5aGludBIKZG9ja2VyZmlsZQ=="",""CkkKR3NoYTI1NjplZDNlN2UxMTk0YWExMmY5MDlhYzlhMTRhZGQ1YWE0MDhiNzljZGM1NDkyZmVkYWQ2ODYxMGQ5ZjhjODBjYzM3""],""metadata"":{""sha256:8ee4dd9ffc36513099570cfe5e21bc0b32604a6149848c687a689d69a90a7889"":{""caps"":{""constraints"":true,""meta.description"":true,""platform"":true}},""sha256:ed3e7e1194aa12f909ac9a14add5aa408b79cdc5492fedad68610d9f8c80cc37"":{""description"":{""llb.customname"":""[internal] load build definition from Dockerfile""},""caps"":{""source.local"":true,""source.local.followpaths"":true,""source.local.sessionid"":true,""source.local.sharedkeyhint"":true}}},""Source"":{""locations"":{""sha256:ed3e7e1194aa12f909ac9a14add5aa408b79cdc5492fedad68610d9f8c80cc37"":{}}}},""language"":""Dockerfile""},""level"":""warn"",""vertex"":""sha256:ed3e7e1194aa12f909ac9a14add5aa408b79cdc5492fedad68610d9f8c80cc37"",""range"":[{""start"":{""line"":12},""end"":{""line"":12}}]}"
"UndefinedVar: Usage of undefined variable '$NIXPACKS_PATH' (line 18)(https://docs.docker.com/go/dockerfile/rule/undefined-var/)
 details: Variables should be defined before their use
",2026-07-08T11:02:55.502696714Z,warn,"{""serviceId"":""de6023d4-d688-4ec0-aa7f-24b2f15dafb7"",""deploymentId"":""9d608935-628a-4468-870b-624950152e29"",""deploymentInstanceId"":null}","{""source"":""buildkit"",""type"":""warn"",""sourceInfo"":{""filename"":""Dockerfile"",""data"":""RlJPTSBnaGNyLmlvL3JhaWx3YXlhcHAvbml4cGFja3M6dWJ1bnR1LTE3NDU4ODUwNjcKCkVOVFJZUE9JTlQgWyIvYmluL2Jhc2giLCAiLWwiLCAiLWMiXQpXT1JLRElSIC9hcHAvCgoKQ09QWSAubml4cGFja3Mvbml4cGtncy1mZmVlYmYwYWNmM2FlOGIyOWY4YzcwNDljZDkxMWI5NjM2ZWZkN2U3Lm5peCAubml4cGFja3Mvbml4cGtncy1mZmVlYmYwYWNmM2FlOGIyOWY4YzcwNDljZDkxMWI5NjM2ZWZkN2U3Lm5peApSVU4gbml4LWVudiAtaWYgLm5peHBhY2tzL25peHBrZ3MtZmZlZWJmMGFjZjNhZThiMjlmOGM3MDQ5Y2Q5MTFiOTYzNmVmZDdlNy5uaXggJiYgbml4LWNvbGxlY3QtZ2FyYmFnZSAtZAoKCkFSRyBDSSBERUVQU0VFS19BUElfS0VZIEdFTUlOSV9BUElfS0VZIE5JWFBBQ0tTX01FVEFEQVRBIE5PREVfRU5WIE5QTV9DT05GSUdfUFJPRFVDVElPTiBSQUlMV0FZX0VOVklST05NRU5UIFJBSUxXQVlfRU5WSVJPTk1FTlRfSUQgUkFJTFdBWV9FTlZJUk9OTUVOVF9OQU1FIFJBSUxXQVlfR0lUX0FVVEhPUiBSQUlMV0FZX0dJVF9CUkFOQ0ggUkFJTFdBWV9HSVRfQ09NTUlUX01FU1NBR0UgUkFJTFdBWV9HSVRfQ09NTUlUX1NIQSBSQUlMV0FZX0dJVF9SRVBPX05BTUUgUkFJTFdBWV9HSVRfUkVQT19PV05FUiBSQUlMV0FZX1BSSVZBVEVfRE9NQUlOIFJBSUxXQVlfUFJPSkVDVF9JRCBSQUlMV0FZX1BST0pFQ1RfTkFNRSBSQUlMV0FZX1NFUlZJQ0VfSUQgUkFJTFdBWV9TRVJWSUNFX05BTUUgVEVMRUdSQU1fQk9UX1RPS0VOCkVOViBDST0kQ0kgREVFUFNFRUtfQVBJX0tFWT0kREVFUFNFRUtfQVBJX0tFWSBHRU1JTklfQVBJX0tFWT0kR0VNSU5JX0FQSV9LRVkgTklYUEFDS1NfTUVUQURBVEE9JE5JWFBBQ0tTX01FVEFEQVRBIE5PREVfRU5WPSROT0RFX0VOViBOUE1fQ09ORklHX1BST0RVQ1RJT049JE5QTV9DT05GSUdfUFJPRFVDVElPTiBSQUlMV0FZX0VOVklST05NRU5UPSRSQUlMV0FZX0VOVklST05NRU5UIFJBSUxXQVlfRU5WSVJPTk1FTlRfSUQ9JFJBSUxXQVlfRU5WSVJPTk1FTlRfSUQgUkFJTFdBWV9FTlZJUk9OTUVOVF9OQU1FPSRSQUlMV0FZX0VOVklST05NRU5UX05BTUUgUkFJTFdBWV9HSVRfQVVUSE9SPSRSQUlMV0FZX0dJVF9BVVRIT1IgUkFJTFdBWV9HSVRfQlJBTkNIPSRSQUlMV0FZX0dJVF9CUkFOQ0ggUkFJTFdBWV9HSVRfQ09NTUlUX01FU1NBR0U9JFJBSUxXQVlfR0lUX0NPTU1JVF9NRVNTQUdFIFJBSUxXQVlfR0lUX0NPTU1JVF9TSEE9JFJBSUxXQVlfR0lUX0NPTU1JVF9TSEEgUkFJTFdBWV9HSVRfUkVQT19OQU1FPSRSQUlMV0FZX0dJVF9SRVBPX05BTUUgUkFJTFdBWV9HSVRfUkVQT19PV05FUj0kUkFJTFdBWV9HSVRfUkVQT19PV05FUiBSQUlMV0FZX1BSSVZBVEVfRE9NQUlOPSRSQUlMV0FZX1BSSVZBVEVfRE9NQUlOIFJBSUxXQVlfUFJPSkVDVF9JRD0kUkFJTFdBWV9QUk9KRUNUX0lEIFJBSUxXQVlfUFJPSkVDVF9OQU1FPSRSQUlMV0FZX1BST0pFQ1RfTkFNRSBSQUlMV0FZX1NFUlZJQ0VfSUQ9JFJBSUxXQVlfU0VSVklDRV9JRCBSQUlMV0FZX1NFUlZJQ0VfTkFNRT0kUkFJTFdBWV9TRVJWSUNFX05BTUUgVEVMRUdSQU1fQk9UX1RPS0VOPSRURUxFR1JBTV9CT1RfVE9LRU4KCiMgc2V0dXAgcGhhc2UKIyBub29wCgojIGluc3RhbGwgcGhhc2UKRU5WIE5JWFBBQ0tTX1BBVEg9L2FwcC9ub2RlX21vZHVsZXMvLmJpbjokTklYUEFDS1NfUEFUSApDT1BZIC4gL2FwcC8uClJVTiAtLW1vdW50PXR5cGU9Y2FjaGUsaWQ9cy9kZTYwMjNkNC1kNjg4LTRlYzAtYWE3Zi0yNGIyZjE1ZGFmYjctL3Jvb3QvbG9jYWwvc2hhcmUvcG5wbS9zdG9yZS92Myx0YXJnZXQ9L3Jvb3QvLmxvY2FsL3NoYXJlL3BucG0vc3RvcmUvdjMgcGlwIGluc3RhbGwgLS1icmVhay1zeXN0ZW0tcGFja2FnZXMgLXIgYm90L3JlcXVpcmVtZW50cy50eHQKCiMgYnVpbGQgcGhhc2UKQ09QWSAuIC9hcHAvLgpSVU4gLS1tb3VudD10eXBlPWNhY2hlLGlkPXMvZGU2MDIzZDQtZDY4OC00ZWMwLWFhN2YtMjRiMmYxNWRhZmI3LW5vZGVfbW9kdWxlcy9jYWNoZSx0YXJnZXQ9L2FwcC9ub2RlX21vZHVsZXMvLmNhY2hlIHBucG0gcnVuIGJ1aWxkCgoKUlVOIHByaW50ZiAnXG5QQVRIPS9hcHAvbm9kZV9tb2R1bGVzLy5iaW46JFBBVEgnID4+IC9yb290Ly5wcm9maWxlCgoKIyBzdGFydApDT1BZIC4gL2FwcAoKQ01EIFsiYmFzaCBib3QvcnVuLnNoIl0KCg=="",""definition"":{""def"":[""WgAaxQEKEmxvY2FsOi8vZG9ja2VyZmlsZRIUCgxsb2NhbC5kaWZmZXISBG5vbmUSSgoRbG9jYWwuZm9sbG93cGF0aHMSNVsiRG9ja2VyZmlsZSIsIkRvY2tlcmZpbGUuZG9ja2VyaWdub3JlIiwiZG9ja2VyZmlsZSJdEioKDWxvY2FsLnNlc3Npb24SGTJkYWFwZG8xMndxYXIyejg5ZDhjbDl5bnYSIQoTbG9jYWwuc2hhcmVka2V5aGludBIKZG9ja2VyZmlsZQ=="",""CkkKR3NoYTI1NjplZDNlN2UxMTk0YWExMmY5MDlhYzlhMTRhZGQ1YWE0MDhiNzljZGM1NDkyZmVkYWQ2ODYxMGQ5ZjhjODBjYzM3""],""metadata"":{""sha256:8ee4dd9ffc36513099570cfe5e21bc0b32604a6149848c687a689d69a90a7889"":{""caps"":{""constraints"":true,""meta.description"":true,""platform"":true}},""sha256:ed3e7e1194aa12f909ac9a14add5aa408b79cdc5492fedad68610d9f8c80cc37"":{""description"":{""llb.customname"":""[internal] load build definition from Dockerfile""},""caps"":{""source.local"":true,""source.local.followpaths"":true,""source.local.sessionid"":true,""source.local.sharedkeyhint"":true}}},""Source"":{""locations"":{""sha256:ed3e7e1194aa12f909ac9a14add5aa408b79cdc5492fedad68610d9f8c80cc37"":{}}}},""language"":""Dockerfile""},""level"":""warn"",""vertex"":""sha256:ed3e7e1194aa12f909ac9a14add5aa408b79cdc5492fedad68610d9f8c80cc37"",""range"":[{""start"":{""line"":18},""end"":{""line"":18}}]}"
[stage-0 10/10] COPY . /app,2026-07-08T11:02:55.506623135Z,info,"{""serviceId"":""de6023d4-d688-4ec0-aa7f-24b2f15dafb7"",""deploymentId"":""9d608935-628a-4468-870b-624950152e29"",""deploymentInstanceId"":null}","{""source"":""buildkit"",""type"":""vertex"",""inputs"":[""sha256:2a31e3e38653838cddd6ce451cbe1bafae6da4e9315fd777c021e7f3d77b2a3d"",""sha256:d81ee4d961a1cc4bff85d5611fe6d26f6d7229d66152f7c7be9fea43261248f2""],""level"":""info"",""digest"":""sha256:296b471727dfdd4d47312d4d242513244ddfa3e5ee6a71b54e419c8f3127cc05""}"
[stage-0  9/10] RUN printf '\nPATH=/app/node_modules/.bin:$PATH' >> /root/.profile,2026-07-08T11:02:55.506624387Z,info,"{""serviceId"":""de6023d4-d688-4ec0-aa7f-24b2f15dafb7"",""deploymentId"":""9d608935-628a-4468-870b-624950152e29"",""deploymentInstanceId"":null}","{""source"":""buildkit"",""type"":""vertex"",""inputs"":[""sha256:55b523d979d2157a1d2d887b50db6c672a7708b566f220a9c83b7f5c79c87679""],""level"":""info"",""digest"":""sha256:2a31e3e38653838cddd6ce451cbe1bafae6da4e9315fd777c021e7f3d77b2a3d""}"
"[stage-0  8/10] RUN --mount=type=cache,id=s/de6023d4-d688-4ec0-aa7f-24b2f15dafb7-node_modules/cache,target=/app/node_modules/.cache pnpm run build",2026-07-08T11:02:55.506625599Z,info,"{""serviceId"":""de6023d4-d688-4ec0-aa7f-24b2f15dafb7"",""deploymentId"":""9d608935-628a-4468-870b-624950152e29"",""deploymentInstanceId"":null}","{""source"":""buildkit"",""type"":""vertex"",""inputs"":[""sha256:ebc61f725b3f2d3ad65f116670bb0639868a4130b388332ef47c51f009a807e4""],""level"":""info"",""digest"":""sha256:55b523d979d2157a1d2d887b50db6c672a7708b566f220a9c83b7f5c79c87679""}"
[stage-0  7/10] COPY . /app/.,2026-07-08T11:02:55.506626080Z,info,"{""serviceId"":""de6023d4-d688-4ec0-aa7f-24b2f15dafb7"",""deploymentId"":""9d608935-628a-4468-870b-624950152e29"",""deploymentInstanceId"":null}","{""source"":""buildkit"",""type"":""vertex"",""inputs"":[""sha256:0319c8b80cf293dc84f089299792571446bc7730d84b9f1d378b8c7f17aec1a5"",""sha256:d81ee4d961a1cc4bff85d5611fe6d26f6d7229d66152f7c7be9fea43261248f2""],""level"":""info"",""digest"":""sha256:ebc61f725b3f2d3ad65f116670bb0639868a4130b388332ef47c51f009a807e4""}"
"[stage-0  6/10] RUN --mount=type=cache,id=s/de6023d4-d688-4ec0-aa7f-24b2f15dafb7-/root/local/share/pnpm/store/v3,target=/root/.local/share/pnpm/store/v3 pip install --break-system-packages -r bot/requirements.txt",2026-07-08T11:02:55.506626530Z,info,"{""serviceId"":""de6023d4-d688-4ec0-aa7f-24b2f15dafb7"",""deploymentId"":""9d608935-628a-4468-870b-624950152e29"",""deploymentInstanceId"":null}","{""source"":""buildkit"",""type"":""vertex"",""inputs"":[""sha256:a2132e7f138d7c908cfc62d245aa385078f3bbb7f06f42b4d60d5929cd453547""],""level"":""info"",""digest"":""sha256:0319c8b80cf293dc84f089299792571446bc7730d84b9f1d378b8c7f17aec1a5""}"
[stage-0  5/10] COPY . /app/.,2026-07-08T11:02:55.506629024Z,info,"{""serviceId"":""de6023d4-d688-4ec0-aa7f-24b2f15dafb7"",""deploymentId"":""9d608935-628a-4468-870b-624950152e29"",""deploymentInstanceId"":null}","{""source"":""buildkit"",""type"":""vertex"",""inputs"":[""sha256:56129b1cbd9409d06df588c6466c1a25eccd67b5da53baa021a666c4a49bf480"",""sha256:d81ee4d961a1cc4bff85d5611fe6d26f6d7229d66152f7c7be9fea43261248f2""],""level"":""info"",""digest"":""sha256:a2132e7f138d7c908cfc62d245aa385078f3bbb7f06f42b4d60d5929cd453547""}"
[stage-0  4/10] RUN nix-env -if .nixpacks/nixpkgs-ffeebf0acf3ae8b29f8c7049cd911b9636efd7e7.nix && nix-collect-garbage -d,2026-07-08T11:02:55.506629655Z,info,"{""serviceId"":""de6023d4-d688-4ec0-aa7f-24b2f15dafb7"",""deploymentId"":""9d608935-628a-4468-870b-624950152e29"",""deploymentInstanceId"":null}","{""source"":""buildkit"",""type"":""vertex"",""inputs"":[""sha256:ba6722b5ff1f07194a5ffae3279325f45a7c824352e620f4f4ed56261c38630d""],""level"":""info"",""digest"":""sha256:56129b1cbd9409d06df588c6466c1a25eccd67b5da53baa021a666c4a49bf480""}"
[stage-0  3/10] COPY .nixpacks/nixpkgs-ffeebf0acf3ae8b29f8c7049cd911b9636efd7e7.nix .nixpacks/nixpkgs-ffeebf0acf3ae8b29f8c7049cd911b9636efd7e7.nix,2026-07-08T11:02:55.506630216Z,info,"{""serviceId"":""de6023d4-d688-4ec0-aa7f-24b2f15dafb7"",""deploymentId"":""9d608935-628a-4468-870b-624950152e29"",""deploymentInstanceId"":null}","{""source"":""buildkit"",""type"":""vertex"",""inputs"":[""sha256:f670359d6d5e72ee98e62c39bc177c05bc19525660e55bc32515f2fc07e6759e"",""sha256:d81ee4d961a1cc4bff85d5611fe6d26f6d7229d66152f7c7be9fea43261248f2""],""level"":""info"",""digest"":""sha256:ba6722b5ff1f07194a5ffae3279325f45a7c824352e620f4f4ed56261c38630d""}"
[internal] load build context,2026-07-08T11:02:55.506630857Z,info,"{""serviceId"":""de6023d4-d688-4ec0-aa7f-24b2f15dafb7"",""deploymentId"":""9d608935-628a-4468-870b-624950152e29"",""deploymentInstanceId"":null}","{""source"":""buildkit"",""type"":""vertex"",""digest"":""sha256:d81ee4d961a1cc4bff85d5611fe6d26f6d7229d66152f7c7be9fea43261248f2"",""level"":""info""}"
[stage-0  2/10] WORKDIR /app/,2026-07-08T11:02:55.506631368Z,info,"{""serviceId"":""de6023d4-d688-4ec0-aa7f-24b2f15dafb7"",""deploymentId"":""9d608935-628a-4468-870b-624950152e29"",""deploymentInstanceId"":null}","{""source"":""buildkit"",""type"":""vertex"",""inputs"":[""sha256:4c4f4ae686483e3535c4d091497ce4b696fa371f283f659a8c072831728d06f5""],""level"":""info"",""digest"":""sha256:f670359d6d5e72ee98e62c39bc177c05bc19525660e55bc32515f2fc07e6759e""}"
[stage-0  1/10] FROM ghcr.io/railwayapp/nixpacks:ubuntu-1745885067@sha256:d45c89d80e13d7ad0fd555b5130f22a866d9dd10e861f589932303ef2314c7de,2026-07-08T11:02:55.506632109Z,info,"{""serviceId"":""de6023d4-d688-4ec0-aa7f-24b2f15dafb7"",""deploymentId"":""9d608935-628a-4468-870b-624950152e29"",""deploymentInstanceId"":null}","{""source"":""buildkit"",""type"":""vertex"",""digest"":""sha256:4c4f4ae686483e3535c4d091497ce4b696fa371f283f659a8c072831728d06f5"",""level"":""info""}"
[stage-0  1/10] FROM ghcr.io/railwayapp/nixpacks:ubuntu-1745885067@sha256:d45c89d80e13d7ad0fd555b5130f22a866d9dd10e861f589932303ef2314c7de,2026-07-08T11:02:55.506916535Z,info,"{""serviceId"":""de6023d4-d688-4ec0-aa7f-24b2f15dafb7"",""deploymentId"":""9d608935-628a-4468-870b-624950152e29"",""deploymentInstanceId"":null}","{""source"":""buildkit"",""type"":""vertex"",""started"":""2026-07-08T11:02:55.506557477Z"",""level"":""info"",""digest"":""sha256:4c4f4ae686483e3535c4d091497ce4b696fa371f283f659a8c072831728d06f5""}"
[internal] load build context,2026-07-08T11:02:55.506919430Z,info,"{""serviceId"":""de6023d4-d688-4ec0-aa7f-24b2f15dafb7"",""deploymentId"":""9d608935-628a-4468-870b-624950152e29"",""deploymentInstanceId"":null}","{""source"":""buildkit"",""type"":""vertex"",""started"":""2026-07-08T11:02:55.50668676Z"",""level"":""info"",""digest"":""sha256:d81ee4d961a1cc4bff85d5611fe6d26f6d7229d66152f7c7be9fea43261248f2""}"
[internal] load build context,2026-07-08T11:02:55.506928834Z,info,"{""serviceId"":""de6023d4-d688-4ec0-aa7f-24b2f15dafb7"",""deploymentId"":""9d608935-628a-4468-870b-624950152e29"",""deploymentInstanceId"":null}","{""source"":""buildkit"",""type"":""vertex"",""completed"":""2026-07-08T11:02:55.50673333Z"",""level"":""info"",""digest"":""sha256:d81ee4d961a1cc4bff85d5611fe6d26f6d7229d66152f7c7be9fea43261248f2"",""started"":""2026-07-08T11:02:55.50668676Z""}"
[internal] load build context,2026-07-08T11:02:55.507754453Z,info,"{""serviceId"":""de6023d4-d688-4ec0-aa7f-24b2f15dafb7"",""deploymentId"":""9d608935-628a-4468-870b-624950152e29"",""deploymentInstanceId"":null}","{""source"":""buildkit"",""type"":""vertex"",""started"":""2026-07-08T11:02:55.507495063Z"",""level"":""info"",""digest"":""sha256:d81ee4d961a1cc4bff85d5611fe6d26f6d7229d66152f7c7be9fea43261248f2""}"
[stage-0  1/10] FROM ghcr.io/railwayapp/nixpacks:ubuntu-1745885067@sha256:d45c89d80e13d7ad0fd555b5130f22a866d9dd10e861f589932303ef2314c7de,2026-07-08T11:02:55.518446064Z,info,"{""serviceId"":""de6023d4-d688-4ec0-aa7f-24b2f15dafb7"",""deploymentId"":""9d608935-628a-4468-870b-624950152e29"",""deploymentInstanceId"":null}","{""source"":""buildkit"",""type"":""vertex"",""completed"":""2026-07-08T11:02:55.518243891Z"",""level"":""info"",""digest"":""sha256:4c4f4ae686483e3535c4d091497ce4b696fa371f283f659a8c072831728d06f5"",""started"":""2026-07-08T11:02:55.506557477Z""}"
[internal] load build context,2026-07-08T11:02:55.711799000Z,info,"{""serviceId"":""de6023d4-d688-4ec0-aa7f-24b2f15dafb7"",""deploymentId"":""9d608935-628a-4468-870b-624950152e29"",""deploymentInstanceId"":null}","{""source"":""buildkit"",""type"":""vertex"",""completed"":""2026-07-08T11:02:55.702273437Z"",""level"":""info"",""digest"":""sha256:d81ee4d961a1cc4bff85d5611fe6d26f6d7229d66152f7c7be9fea43261248f2"",""started"":""2026-07-08T11:02:55.507495063Z""}"
[stage-0  2/10] WORKDIR /app/,2026-07-08T11:02:55.730977104Z,info,"{""serviceId"":""de6023d4-d688-4ec0-aa7f-24b2f15dafb7"",""deploymentId"":""9d608935-628a-4468-870b-624950152e29"",""deploymentInstanceId"":null}","{""source"":""buildkit"",""type"":""vertex"",""cached"":true,""level"":""info"",""digest"":""sha256:f670359d6d5e72ee98e62c39bc177c05bc19525660e55bc32515f2fc07e6759e"",""inputs"":[""sha256:4c4f4ae686483e3535c4d091497ce4b696fa371f283f659a8c072831728d06f5""],""started"":""2026-07-08T11:02:55.725210582Z"",""completed"":""2026-07-08T11:02:55.725210582Z""}"
[stage-0  3/10] COPY .nixpacks/nixpkgs-ffeebf0acf3ae8b29f8c7049cd911b9636efd7e7.nix .nixpacks/nixpkgs-ffeebf0acf3ae8b29f8c7049cd911b9636efd7e7.nix,2026-07-08T11:02:55.730984265Z,info,"{""serviceId"":""de6023d4-d688-4ec0-aa7f-24b2f15dafb7"",""deploymentId"":""9d608935-628a-4468-870b-624950152e29"",""deploymentInstanceId"":null}","{""source"":""buildkit"",""type"":""vertex"",""cached"":true,""level"":""info"",""digest"":""sha256:ba6722b5ff1f07194a5ffae3279325f45a7c824352e620f4f4ed56261c38630d"",""inputs"":[""sha256:f670359d6d5e72ee98e62c39bc177c05bc19525660e55bc32515f2fc07e6759e"",""sha256:d81ee4d961a1cc4bff85d5611fe6d26f6d7229d66152f7c7be9fea43261248f2""],""started"":""2026-07-08T11:02:55.725210582Z"",""completed"":""2026-07-08T11:02:55.725210582Z""}"
[stage-0  4/10] RUN nix-env -if .nixpacks/nixpkgs-ffeebf0acf3ae8b29f8c7049cd911b9636efd7e7.nix && nix-collect-garbage -d,2026-07-08T11:02:55.730985657Z,info,"{""serviceId"":""de6023d4-d688-4ec0-aa7f-24b2f15dafb7"",""deploymentId"":""9d608935-628a-4468-870b-624950152e29"",""deploymentInstanceId"":null}","{""source"":""buildkit"",""type"":""vertex"",""cached"":true,""level"":""info"",""digest"":""sha256:56129b1cbd9409d06df588c6466c1a25eccd67b5da53baa021a666c4a49bf480"",""inputs"":[""sha256:ba6722b5ff1f07194a5ffae3279325f45a7c824352e620f4f4ed56261c38630d""],""started"":""2026-07-08T11:02:55.725210582Z"",""completed"":""2026-07-08T11:02:55.725337222Z""}"
[stage-0  5/10] COPY . /app/.,2026-07-08T11:02:55.730985988Z,info,"{""serviceId"":""de6023d4-d688-4ec0-aa7f-24b2f15dafb7"",""deploymentId"":""9d608935-628a-4468-870b-624950152e29"",""deploymentInstanceId"":null}","{""source"":""buildkit"",""type"":""vertex"",""started"":""2026-07-08T11:02:55.725492315Z"",""level"":""info"",""digest"":""sha256:a2132e7f138d7c908cfc62d245aa385078f3bbb7f06f42b4d60d5929cd453547"",""inputs"":[""sha256:56129b1cbd9409d06df588c6466c1a25eccd67b5da53baa021a666c4a49bf480"",""sha256:d81ee4d961a1cc4bff85d5611fe6d26f6d7229d66152f7c7be9fea43261248f2""]}"
[stage-0  5/10] COPY . /app/.,2026-07-08T11:02:55.845088677Z,info,"{""serviceId"":""de6023d4-d688-4ec0-aa7f-24b2f15dafb7"",""deploymentId"":""9d608935-628a-4468-870b-624950152e29"",""deploymentInstanceId"":null}","{""source"":""buildkit"",""type"":""vertex"",""completed"":""2026-07-08T11:02:55.844723469Z"",""level"":""info"",""digest"":""sha256:a2132e7f138d7c908cfc62d245aa385078f3bbb7f06f42b4d60d5929cd453547"",""inputs"":[""sha256:56129b1cbd9409d06df588c6466c1a25eccd67b5da53baa021a666c4a49bf480"",""sha256:d81ee4d961a1cc4bff85d5611fe6d26f6d7229d66152f7c7be9fea43261248f2""],""started"":""2026-07-08T11:02:55.725492315Z""}"
"[stage-0  6/10] RUN --mount=type=cache,id=s/de6023d4-d688-4ec0-aa7f-24b2f15dafb7-/root/local/share/pnpm/store/v3,target=/root/.local/share/pnpm/store/v3 pip install --break-system-packages -r bot/requirements.txt",2026-07-08T11:02:55.859965918Z,info,"{""serviceId"":""de6023d4-d688-4ec0-aa7f-24b2f15dafb7"",""deploymentId"":""9d608935-628a-4468-870b-624950152e29"",""deploymentInstanceId"":null}","{""source"":""buildkit"",""type"":""vertex"",""started"":""2026-07-08T11:02:55.859468322Z"",""level"":""info"",""digest"":""sha256:0319c8b80cf293dc84f089299792571446bc7730d84b9f1d378b8c7f17aec1a5"",""inputs"":[""sha256:a2132e7f138d7c908cfc62d245aa385078f3bbb7f06f42b4d60d5929cd453547""]}"
"/bin/bash: line 1: pip: command not found
",2026-07-08T11:02:56.043107913Z,info,"{""serviceId"":""de6023d4-d688-4ec0-aa7f-24b2f15dafb7"",""deploymentId"":""9d608935-628a-4468-870b-624950152e29"",""deploymentInstanceId"":null}","{""source"":""buildkit"",""type"":""log"",""timestamp"":""2026-07-08T11:02:56.043107913Z"",""level"":""info"",""vertex"":""sha256:0319c8b80cf293dc84f089299792571446bc7730d84b9f1d378b8c7f17aec1a5"",""stream"":2,""data"":""L2Jpbi9iYXNoOiBsaW5lIDE6IHBpcDogY29tbWFuZCBub3QgZm91bmQK""}"
"[stage-0  6/10] RUN --mount=type=cache,id=s/de6023d4-d688-4ec0-aa7f-24b2f15dafb7-/root/local/share/pnpm/store/v3,target=/root/.local/share/pnpm/store/v3 pip install --break-system-packages -r bot/requirements.txt",2026-07-08T11:02:56.095759481Z,error,"{""serviceId"":""de6023d4-d688-4ec0-aa7f-24b2f15dafb7"",""deploymentId"":""9d608935-628a-4468-870b-624950152e29"",""deploymentInstanceId"":null}","{""source"":""buildkit"",""type"":""vertex"",""error"":""process \""/bin/bash -ol pipefail -c pip install --break-system-packages -r bot/requirements.txt\"" did not complete successfully: exit code: 127"",""level"":""error"",""digest"":""sha256:0319c8b80cf293dc84f089299792571446bc7730d84b9f1d378b8c7f17aec1a5"",""inputs"":[""sha256:a2132e7f138d7c908cfc62d245aa385078f3bbb7f06f42b4d60d5929cd453547""],""started"":""2026-07-08T11:02:55.859468322Z"",""completed"":""2026-07-08T11:02:56.095241204Z""}"
"Build Failed: build daemon returned an error < failed to solve: process ""/bin/bash -ol pipefail -c pip install --break-system-packages -r bot/requirements.txt"" did not complete successfully: exit code: 127 >",2026-07-08T11:02:56.124999373Z,error,"{""serviceId"":""de6023d4-d688-4ec0-aa7f-24b2f15dafb7"",""deploymentId"":""9d608935-628a-4468-870b-624950152e29"",""deploymentInstanceId"":null}","{""level"":""error""}"